2, 7, 9, 12, 13, 17, 23= 83
2, 3, 9, 11, 13, 22, 23= 83
2, 3, 7, 11, 13, 23, 24= 83
2, 3, 7, 12, 17, 19, 23= 83
3, 7, 9, 11, 12, 13, 28= 83
2, 3, 9, 11, 13, 17, 28= 83
3, 7, 9, 11, 13, 17, 23= 83
2, 3, 9, 11, 17, 19, 22= 83
2, 3, 7, 13, 17, 19, 22= 83
2, 3, 7, 9, 13, 19, 30= 83
2, 3, 7, 11, 12, 17, 31= 83
3, 7, 9, 11, 12, 19, 22= 83
2, 3, 11, 12, 13, 19, 23= 83
3, 7, 9, 12, 13, 17, 22= 83
2, 3, 9, 11, 12, 22, 24= 83
2, 7, 9, 11, 13, 19, 22= 83
2, 9, 11, 12, 13, 17, 19= 83
2, 3, 7, 9, 11, 23, 28= 83
3, 7, 9, 11, 12, 17, 24= 83
2, 3, 7, 11, 13, 19, 28= 83
2, 3, 7, 9, 17, 22, 23= 83
2, 3, 7, 9, 12, 19, 31= 83
2, 7, 9, 11, 13, 17, 24= 83
2, 3, 7, 9, 12, 22, 28= 83
2, 3, 7, 12, 13, 22, 24= 83
2, 3, 7, 11, 13, 17, 30= 83
2, 7, 9, 11, 12, 19, 23= 83
2, 3, 7, 11, 17, 19, 24= 83
