3, 19, 30, 31= 83
9, 13, 30, 31= 83
11, 13, 28, 31= 83
2, 22, 28, 31= 83
7, 17, 28, 31= 83
3, 22, 28, 30= 83
2, 23, 28, 30= 83
12, 13, 28, 30= 83
11, 17, 24, 31= 83
9, 19, 24, 31= 83
12, 17, 23, 31= 83
7, 22, 23, 31= 83
12, 17, 24, 30= 83
7, 22, 24, 30= 83
11, 19, 22, 31= 83
2, 28, 22, 31= 83
7, 23, 22, 31= 83
13, 17, 22, 31= 83
11, 19, 23, 30= 83
2, 28, 23, 30= 83
13, 17, 23, 30= 83
3, 28, 22, 30= 83
7, 24, 22, 30= 83
12, 19, 22, 30= 83
9, 22, 24, 28= 83
12, 19, 24, 28= 83
2, 30, 23, 28= 83
13, 19, 23, 28= 83
11, 22, 19, 31= 83
3, 30, 19, 31= 83
9, 24, 19, 31= 83
2, 31, 22, 28= 83
3, 30, 22, 28= 83
9, 24, 22, 28= 83
12, 22, 19, 30= 83
11, 23, 19, 30= 83
3, 31, 19, 30= 83
12, 23, 17, 31= 83
11, 24, 17, 31= 83
7, 28, 17, 31= 83
13, 22, 17, 31= 83
17, 19, 23, 24= 83
13, 23, 17, 30= 83
12, 24, 17, 30= 83
13, 23, 19, 28= 83
12, 24, 19, 28= 83
9, 28, 22, 24= 83
7, 30, 22, 24= 83
7, 31, 22, 23= 83
7, 31, 17, 28= 83
11, 28, 13, 31= 83
17, 22, 13, 31= 83
9, 30, 13, 31= 83
17, 23, 12, 31= 83
12, 28, 19, 24= 83
12, 28, 13, 30= 83
17, 23, 19, 24= 83
9, 31, 19, 24= 83
17, 23, 13, 30= 83
9, 31, 13, 30= 83
19, 22, 12, 30= 83
17, 24, 12, 30= 83
13, 28, 12, 30= 83
19, 22, 11, 31= 83
11, 30, 19, 23= 83
17, 24, 19, 23= 83
13, 28, 19, 23= 83
17, 24, 11, 31= 83
13, 28, 11, 31= 83
